100
103
105
112
115
126
133
191
203
226
237
238
259
277
289
298
306
311
313
313
315
316
316
319
319
319
320
322
322
322
322
323
325
325
325
325
325
325
325
326
327
327
327
327
328
328
328
328
328
328
328
328
328
329
329
329
329
329
330
330
330
331
331
331
331
331
331
331
331
331
331
331
331
331
331
331
332
332
332
332
333
333
333
334
334
334
334
334
334
334
334
334
334
334
334
334
334
334
334
334
334
334
335
335
335
336
336
336
336
337
337
337
337
337
337
337
337
337
337
337
337
337
337
337
337
337
337
337
337
337
337
337
337
337
337
337
337
337
337
337
337
337
337
337
337
337
337
337
338
338
338
338
338
339
339
339
339
339
339
339
340
340
340
340
340
340
340
340
340
340
340
340
340
340
340
340
340
340
340
340
340
340
340
340
340
340
340
340
340
340
340
340
340
341
342
342
343
343
343
343
343
343
343
343
343
343
343
343
343
343
343
343
343
343
343
343
343
343
343
343
343
344
344
345
345
346
346
346
346
346
346
346
346
346
346
346
346
347
347
349
349
349
349
349
349
349
349
349
353
355
356
