84
135
138
139
146
153
154
201
204
211
225
231
232
240
240
263
289
297
302
314
318
323
330
331
331
331
331
334
334
334
334
334
334
334
334
334
334
335
336
337
337
337
337
337
337
337
337
337
337
337
337
337
337
337
337
337
337
337
337
338
338
338
339
340
340
340
340
340
340
340
340
340
340
340
340
340
340
340
340
340
340
340
340
340
340
340
340
340
340
340
340
340
340
340
340
340
340
340
340
340
340
340
341
341
341
342
342
342
343
343
343
343
343
343
343
343
343
343
343
343
343
343
343
343
343
343
343
343
343
343
343
343
343
343
343
343
343
343
343
343
343
344
345
346
346
346
346
346
346
346
346
346
346
346
346
346
346
346
346
346
346
346
346
346
346
346
346
346
346
346
346
347
347
348
349
349
349
349
349
349
349
349
349
349
349
349
349
349
349
349
349
349
349
349
349
350
351
352
352
352
352
352
352
352
352
352
352
352
352
352
352
353
355
355
355
355
355
355
355
355
356
358
358
358
358
358
361
361
364
368
