84
138
139
146
154
201
204
225
263
289
331
331
331
334
334
334
334
334
334
334
335
337
337
337
337
337
337
337
337
338
339
340
340
340
340
340
340
340
340
340
340
340
340
340
340
340
340
340
340
340
340
340
340
340
340
340
340
340
340
340
341
341
342
342
343
343
343
343
343
343
343
343
343
343
343
343
343
343
343
343
343
343
343
345
346
346
346
346
346
346
346
346
346
346
346
346
346
346
346
346
347
349
349
349
349
349
349
349
349
349
349
349
349
349
349
349
349
349
349
352
352
352
352
352
352
352
352
352
352
353
355
355
355
355
355
355
358
358
358
358
361
364
