100
105
112
115
133
191
259
277
313
316
319
319
320
322
322
323
325
325
325
325
325
326
327
327
328
328
328
328
329
329
329
330
330
331
331
331
331
331
331
331
331
331
331
331
332
332
333
333
333
334
334
334
334
334
334
334
334
334
334
334
334
334
334
334
334
334
335
336
337
337
337
337
337
337
337
337
337
337
337
337
337
337
337
337
337
337
337
337
337
337
337
337
337
337
337
338
338
338
339
339
340
340
340
340
340
340
340
340
340
340
340
340
340
340
340
340
340
340
340
340
340
340
340
340
341
342
343
343
343
343
343
343
343
343
343
343
343
343
343
343
343
343
343
343
343
344
345
346
346
346
346
346
346
346
346
347
347
349
349
349
349
349
353
355
356
